version https://git-lfs.github.com/spec/v1
oid sha256:65c73668c4e5888d4f060a8f4aa9e02344b97917058c27399c13963448b88fa6
size 2226
